000003,1
000004,1
000005,1
000001,1
000002,1
000006,1
000007,1
000008,1
000009,1
000010,1
000011,1
000012,1
000013,1
000015,1
000016,1
000017,1
000018,1
000019,1
000020,1
000021,1
000022,1
000023,1
000025,1
000026,1
000027,1
000028,1
000029,1
000030,1
000031,1
000032,1
000033,1
000034,1
000035,1
000036,1
000037,1
000038,1
000039,1
000040,1
000041,1
000042,1
000043,1
000044,1
000045,1
000046,1
000047,1
000048,1
000049,1
000050,1
000051,1
000054,1
000055,1
000056,1
000057,1
000058,1
000059,1
000060,1
000061,1
000062,1
000063,1
000064,1
000065,1
000066,1
000067,1
000068,1
000069,1
000070,1
000071,1
000072,1
000073,1
000074,1
000075,1
000076,1
000077,1
000078,1
000079,1
000090,1
000091,1
000092,1
000093,1
000094,1
000095,1
000096,1
000097,1
000098,1
000099,1
000100,1
000102,1
000103,1
000104,1
000105,1
000106,1
000107,1
000108,1
000109,1
000110,1
000111,1
000112,1
000113,1
000300,1
000901,1
000902,1
000903,1
000904,1
000905,1
000906,1
000907,1
000908,1
000909,1
000910,1
000911,1
000912,1
000913,1
000914,1
000915,1
000916,1
000917,1
000918,1
000919,1
000920,1
000921,1
000922,1
000923,1
000924,1
000925,1
000926,1
000927,1
000928,1
000929,1
000930,1
000931,1
000932,1
000933,1
000934,1
000935,1
000936,1
000937,1
000938,1
000939,1
000940,1
000941,1
000942,1
000943,1
000944,1
000945,1
000946,1
000947,1
000948,1
000949,1
000950,1
000951,1
000952,1
000953,1
000954,1
000955,1
000956,1
000957,1
000958,1
000959,1
000960,1
000961,1
000962,1
000963,1
000964,1
000965,1
000966,1
000967,1
000968,1
000969,1
000970,1
000971,1
000972,1
000973,1
000977,1
000978,1
000980,1
000981,1
000982,1
000983,1
000999,1
010107,1
010110,6
010112,1
010203,1
010213,1
010303,1
010308,1
010407,6
010410,1
010501,1
010504,1
010505,6
010509,6
010512,1
010513,6
010601,6
010603,6
010606,6
010609,6
010612,6
010613,6
010616,6
010618,6
010619,6
010620,6
010701,6
010703,6
010705,6
010706,6
010707,6
010710,6
010713,6
019001,6
019002,6
019003,6
019005,6
019006,6
019007,6
019008,6
019009,6
019010,6
019012,6
019013,6
019014,6
019015,6
019016,6
019017,6
019018,6
019019,6
019020,6
019021,6
019022,6
019023,6
019024,6
019025,6
019026,6
019027,6
019028,6
019029,6
019030,6
019031,6
019032,6
019033,6
019034,6
019035,6
019036,6
019037,6
019038,6
019039,6
019040,6
019041,6
019101,6
019102,6
019103,6
019104,6
019105,6
019106,6
019107,6
019108,6
019109,6
019110,6
019111,6
019112,6
019113,1
019114,6
019115,6
019116,6
019714,6
019717,6
019718,6
019801,6
019802,6
019803,6
019805,6
019806,6
019807,6
019810,6
019811,6
019813,6
019814,6
019817,6
019818,6
019819,6
019820,6
019822,6
019823,6
019825,6
019826,6
019901,6
019902,6
019903,6
019904,6
019905,6
019906,6
019907,6
019909,6
019910,6
019911,6
019912,6
019913,6
019915,6
019916,6
019917,6
019918,6
019919,6
019920,6
019922,6
019923,6
019924,6
019925,6
019926,6
019927,6
019929,6
019930,6
019931,6
019932,6
020044,6
020046,6
020047,6
090001,6
090002,6
090003,6
090005,6
090006,6
090007,6
090008,6
090009,6
090012,6
090013,6
090014,6
090015,6
090016,6
090017,6
090018,6
090019,6
090020,6
090021,6
090022,6
090023,6
090024,6
090025,6
090026,6
090027,6
090028,6
090029,6
090030,6
090031,6
090032,6
090033,6
090034,6
090035,6
090036,6
090037,6
090038,6
090039,6
090040,6
090041,6
090099,6
090107,6
090110,6
090112,6
090203,6
090213,6
090303,6
090308,6
090407,6
090410,6
090501,6
090504,6
090505,6
090509,6
090512,6
090513,6
090601,6
090603,6
090606,6
090609,6
090612,6
090613,6
090616,6
090618,6
090619,6
090620,6
090701,6
090703,6
090705,6
090706,6
090707,6
090710,6
090713,6
090714,6
090717,6
090718,6
090801,6
090802,6
090803,6
090805,6
090806,6
090807,6
090810,6
090811,6
090813,6
090814,6
090817,6
090818,6
090819,6
090820,6
090822,6
090823,6
090825,6
090826,6
090901,6
090902,6
090903,6
090904,6
090905,6
090906,6
090907,6
090909,6
090910,6
090911,6
090912,6
090913,6
090915,6
090916,6
090917,6
090918,6
090919,6
090920,6
090922,6
090923,6
090924,6
090925,6
090926,6
090927,6
090929,6
090930,6
090931,6
090932,6
091001,6
091002,6
091003,6
091004,6
091005,6
091006,6
091007,6
091008,6
091009,6
091010,6
091011,6
091012,6
091013,6
091014,6
091015,6
091016,6
104000,6
104001,6
104002,6
104003,6
104004,6
104006,6
104007,6
104008,6
104010,6
104011,6
104012,6
104014,6
104015,6
104016,6
104017,6
104018,6
104019,6
104020,6
104021,6
104022,6
104023,6
104024,6
104025,6
104026,6
104028,6
104029,6
104030,6
104032,6
104033,6
104035,6
104036,6
104037,6
104038,6
104039,6
104040,6
104041,6
104043,6
104044,6
104045,6
104046,6
104047,6
104048,6
104049,6
104050,6
104051,6
104052,6
104053,6
104054,6
104055,6
104056,6
104057,6
104058,6
104059,6
104061,6
104062,6
104063,6
104064,6
104065,6
104066,6
104067,6
104068,6
104069,6
104070,6
104071,6
104072,6
104073,6
104074,6
104075,6
104076,6
104080,6
104802,6
104805,6
104809,6
104812,6
104814,6
104815,6
104817,6
104818,6
104819,6
104820,6
104821,6
104823,6
104824,6
104825,6
104826,6
104827,6
104828,6
104830,6
104831,6
104832,6
104833,6
104834,6
104835,6
104836,6
104837,6
104839,6
104840,6
104841,6
104842,6
104843,6
104844,6
104845,6
104846,6
104847,6
104848,6
104850,6
104851,6
104852,6
104853,6
104854,6
104855,6
104857,6
104858,6
104859,6
104860,6
104861,6
104862,6
104863,6
104864,6
104865,6
104866,6
104867,6
104868,6
104869,6
104871,6
104872,6
104873,6
104874,6
104875,6
104876,6
104877,6
104880,6
104881,6
104882,6
104883,6
104884,6
104885,6
104886,6
104887,6
104888,6
104889,6
104890,6
104891,6
104892,6
104893,6
104894,6
104895,6
104896,6
104897,6
104898,6
104899,6
104900,6
104901,6
104902,6
104903,6
104904,6
104905,6
104906,6
104907,6
104908,6
104909,6
104911,6
104912,6
104913,6
104914,6
104915,6
104916,6
104918,6
104919,6
104921,6
104922,6
104923,6
104925,6
104926,6
104927,6
104928,6
104930,6
104931,6
104932,6
104933,6
104934,6
104935,6
104936,6
104937,6
104939,6
104940,6
104941,6
104942,6
104943,6
104944,6
104945,6
104946,6
104947,6
104948,6
104949,6
104950,6
104951,6
104952,6
104953,6
104954,6
104957,6
104958,6
104959,6
104960,6
104961,6
104962,6
104963,6
104964,6
104965,6
104967,6
104968,6
104969,6
104970,6
104971,6
104972,6
104973,6
104974,6
104975,6
104976,6
104977,6
104978,6
104979,6
104980,6
104982,6
104984,6
104985,6
104986,6
104987,6
104988,6
104989,6
104990,6
104991,6
104992,6
104994,6
104995,6
104996,6
104997,6
104999,6
105001,6
105003,6
105006,6
105008,6
105009,6
105010,6
105011,6
105013,6
105016,6
105017,6
105018,6
105900,6
105901,6
105902,6
105903,6
105905,6
105906,6
105907,6
105908,6
105909,6
105910,6
105911,6
105912,6
105913,6
105914,6
105915,6
105916,6
105917,6
105918,6
105919,6
105920,6
105921,6
105922,6
105923,6
105924,6
105925,6
105926,6
105927,6
105928,6
105929,6
105930,6
105931,6
105932,6
105933,6
105935,6
105936,6
105937,6
105938,6
105939,6
105940,6
105941,6
105942,6
105943,6
105944,6
105945,6
105946,6
105947,6
105948,6
105949,6
105950,6
105951,6
105952,6
105953,6
105954,6
105955,6
105956,6
105960,6
106000,6
106001,6
106002,6
106003,6
106004,6
106005,6
106006,6
106007,6
106008,6
106009,6
106010,6
106011,6
106012,6
106013,6
106014,6
106015,6
106016,6
106017,6
106018,6
106019,6
106020,6
106021,6
106022,6
106023,6
106024,6
106025,6
106026,6
106027,6
106028,6
106029,6
106030,6
106031,6
106032,6
106033,6
106034,6
106035,6
106036,6
106037,6
106038,6
106039,6
106040,6
106041,6
106042,6
106043,6
106044,6
106045,6
106046,6
106047,6
106048,6
106049,6
106050,6
106051,6
106052,6
106053,6
106054,6
106055,6
106056,6
106057,6
106058,6
106059,6
107044,6
107046,6
107047,6
110003,1
110007,1
110009,6
110011,1
110012,1
110013,1
110015,1
110016,1
110078,1
113001,1
113002,1
120102,1
120201,6
120203,6
120204,6
120205,1
120288,6
120301,6
120302,6
120303,6
120304,6
120305,6
120306,6
120307,6
120308,6
120309,6
120310,6
120311,6
120482,6
120483,6
120485,6
120486,6
120488,6
120489,6
120490,6
120501,6
120502,6
120503,6
120505,6
120506,6
120508,6
120509,6
120510,6
120511,6
120512,6
120516,6
120518,6
120519,6
120520,6
120521,6
120522,6
120523,6
120525,6
120527,6
120528,6
120529,6
120601,6
120602,6
120603,6
120604,6
120605,1
120606,6
120607,6
120608,6
120609,6
120610,6
120701,6
120702,6
122000,1
122001,6
122002,6
122003,6
122004,6
122005,6
122006,6
122007,6
122008,6
122009,1
122010,6
122011,1
122012,6
122013,1
122014,6
122015,6
122016,6
122017,6
122018,6
122019,6
122020,1
122021,6
122022,6
122023,1
122024,6
122025,6
122026,6
122027,1
122028,1
122029,1
122030,6
122031,1
122032,6
122033,1
122034,6
122035,6
122036,6
122037,6
122038,6
122039,6
122040,6
122041,6
122042,6
122043,6
122044,6
122045,6
122046,6
122047,6
122048,6
122049,6
122050,1
122051,6
122052,6
122053,6
122054,6
122055,6
122056,6
122057,6
122058,1
122059,6
122060,1
122061,6
122062,6
122063,6
122064,6
122065,6
122066,6
122067,1
122068,6
122069,6
122070,6
122071,6
122072,6
122073,6
122074,6
122075,6
122076,6
122080,6
122802,6
122805,6
122809,6
122810,1
122811,1
122812,1
122814,6
122815,6
122816,6
122817,6
122818,1
122819,6
122820,6
122821,1
122822,1
122823,6
122824,6
122825,6
122826,6
122827,6
122828,1
122830,6
122831,1
122832,6
122833,6
122834,1
122835,6
122836,1
122837,6
122839,6
122840,1
122841,1
122842,1
122843,1
122844,6
122845,6
122846,6
122847,6
122848,6
122849,6
122850,6
122851,6
122852,6
122853,6
122854,6
122855,6
122857,1
122858,6
122859,6
122860,6
122861,6
122862,6
122863,6
122864,6
122865,6
122866,6
122867,6
122868,6
122869,6
122870,6
122871,6
122872,6
122873,6
122874,6
122875,1
122876,6
122877,6
122879,6
122880,6
122881,6
122882,6
122883,1
122884,6
122885,6
122886,6
122887,6
122888,1
122889,6
122890,1
122891,6
122892,1
122893,6
122894,6
122895,6
122896,6
122897,6
122898,6
122899,6
122900,6
122901,6
122902,6
122903,6
122904,6
122905,6
122906,6
122907,6
122908,6
122909,6
122910,6
122911,6
122912,6
122913,6
122914,6
122915,1
122916,1
122917,6
122918,1
122919,6
122920,1
122921,1
122922,6
122923,6
122924,1
122925,6
122926,6
122927,6
122928,1
122929,6
122930,1
122931,1
122932,1
122933,6
122934,6
122935,6
122936,1
122937,1
122938,6
122939,6
122940,1
122941,6
122942,1
122943,6
122944,1
122945,1
122946,6
122947,6
122948,6
122949,6
122950,6
122951,1
122952,6
122953,6
122954,1
122955,1
122956,6
122957,6
122958,1
122959,6
122960,6
122961,6
122962,6
122963,6
122964,1
122965,6
122966,6
122967,6
122968,6
122969,6
122970,6
122971,6
122972,6
122973,1
122974,1
122975,6
122976,6
122977,6
122978,6
122979,6
122980,6
122981,1
122982,6
122983,6
122984,1
122985,6
122986,6
122987,6
122988,6
122989,6
122990,6
122991,6
122992,6
122993,6
122994,6
122995,1
122996,1
122997,6
122998,6
122999,6
126001,1
126002,6
126003,1
126005,1
126006,6
126007,6
126008,1
126009,6
126010,6
126011,1
126013,1
126014,1
126015,1
126016,6
126017,1
126018,1
126019,1
130000,6
130001,6
130002,6
130003,6
130004,6
130005,6
130006,6
130007,6
130008,6
130009,6
130010,6
130011,6
130012,6
130013,6
130014,6
130015,6
130016,6
130017,6
130018,6
130019,6
130020,6
130021,6
130022,6
130023,6
130024,6
130025,6
130026,6
130027,6
130028,6
130029,6
130030,6
130031,6
130032,6
130033,6
130034,6
130035,6
130036,6
130037,6
130038,6
130039,6
130040,6
130041,6
130042,6
130043,6
130044,6
130045,6
130046,6
130047,6
130048,6
130049,6
130050,6
130051,6
130052,6
130053,6
130054,6
130055,6
130056,6
130057,6
130058,6
130059,6
190003,6
190007,6
190009,6
190011,6
190012,6
190078,6
191001,6
191002,6
201000,6
201001,6
201002,6
201003,6
201004,6
201005,6
201008,6
201009,6
201010,6
202001,6
202003,6
202007,6
203001,6
203002,6
203003,6
203007,6
203008,6
203009,6
203016,6
203017,6
203018,6
203019,6
203020,6
203021,6
203031,6
203032,6
203033,6
203040,6
203041,6
203042,6
203043,6
203044,6
203045,6
203049,6
203050,6
203051,6
203052,6
203053,6
203054,6
204001,1
204002,1
204003,1
204004,1
204007,1
204014,1
204028,1
204091,1
204182,6
500001,1
500002,1
500003,1
500005,1
500006,1
500008,1
500009,1
500011,1
500015,1
500018,1
500038,1
500056,1
500058,1
510010,1
510011,6
510012,6
510020,1
510021,6
510022,6
510030,1
510031,6
510032,6
510050,1
510051,6
510052,6
510060,1
510061,6
510062,6
510070,1
510071,6
510072,6
510090,1
510091,6
510092,6
510110,1
510111,6
510112,6
510120,1
510121,6
510122,6
510130,1
510131,6
510132,6
510150,1
510151,6
510152,6
510160,1
510161,6
510162,6
510170,1
510171,6
510172,6
510180,1
510181,6
510182,6
510190,1
510191,6
510192,6
510210,1
510211,6
510212,6
510220,1
510221,6
510222,6
510230,1
510231,6
510232,6
510260,1
510261,6
510262,6
510880,1
510881,6
510882,6
519001,6
519003,6
519005,6
519007,6
519008,6
519011,6
519013,6
519015,6
519017,6
519018,6
519019,6
519021,6
519023,6
519025,6
519026,6
519027,6
519028,6
519029,6
519030,6
519032,6
519035,6
519039,6
519066,6
519068,6
519069,6
519078,6
519087,6
519089,6
519093,6
519095,6
519097,6
519099,6
519100,6
519110,6
519111,6
519113,6
519115,6
519116,6
519180,6
519181,6
519183,6
519185,6
519186,6
519300,6
519508,6
519509,6
519518,6
519519,6
519666,6
519668,6
519670,6
519671,6
519672,6
519674,6
519676,6
519678,6
519680,6
519688,6
519690,6
519692,6
519698,6
519700,6
519702,6
519704,6
519983,6
519985,6
519987,6
519989,6
519991,6
519993,6
519995,6
519997,6
521099,6
521678,6
522001,6
522003,6
522005,6
522007,6
522008,6
522011,6
522013,6
522015,6
522017,6
522018,6
522019,6
522021,6
522023,6
522025,6
522026,6
522027,6
522028,6
522029,6
522030,6
522032,6
522035,6
522039,6
522066,6
522068,6
522069,6
522078,6
522087,6
522089,6
522093,6
522095,6
522097,6
522100,6
522110,6
522111,6
522113,6
522115,6
522116,6
522180,6
522181,6
522183,6
522185,6
522186,6
522300,6
522508,6
522509,6
522518,6
522519,6
522666,6
522668,6
522670,6
522671,6
522672,6
522674,6
522680,6
522688,6
522690,6
522692,6
522698,6
522700,6
522702,6
522983,6
522985,6
522987,6
522989,6
522991,6
522993,6
522995,6
522997,6
523001,6
523003,6
523005,6
523007,6
523008,6
523011,6
523013,6
523015,6
523017,6
523018,6
523019,6
523021,6
523023,6
523025,6
523026,6
523027,6
523028,6
523029,6
523030,6
523032,6
523035,6
523039,6
523066,6
523068,6
523069,6
523078,6
523087,6
523089,6
523093,6
523095,6
523097,6
523100,6
523110,6
523111,6
523113,6
523115,6
523116,6
523180,6
523181,6
523183,6
523185,6
523186,6
523300,6
523519,6
523666,6
523668,6
523670,6
523671,6
523672,6
523674,6
523680,6
523688,6
523690,6
523692,6
523698,6
523700,6
523702,6
523983,6
523985,6
523987,6
523989,6
523991,6
523993,6
523995,6
523997,6
580027,6
582027,6
600000,1
600004,1
600005,1
600006,1
600007,1
600008,1
600009,1
600010,1
600011,1
600012,1
600015,1
600016,1
600017,1
600018,1
600019,1
600020,1
600021,1
600022,1
600026,1
600027,1
600028,1
600029,1
600030,1
600031,1
600033,1
600035,1
600036,1
600037,1
600038,1
600039,6
600048,1
600050,1
600051,1
600052,1
600053,1
600054,1
600055,1
600056,1
600058,1
600059,1
600060,1
600061,1
600062,1
600063,1
600064,1
600066,1
600067,1
600068,1
600069,1
600070,1
600071,1
600072,1
600073,1
600074,1
600075,1
600076,1
600077,1
600078,1
600079,1
600080,1
600081,1
600082,1
600083,1
600084,1
600085,1
600086,1
600087,1
600088,1
600089,1
600090,1
600091,1
600093,1
600095,1
600096,1
600097,1
600098,1
600099,1
600100,1
600101,1
600102,1
600103,1
600104,1
600105,1
600106,1
600107,1
600108,1
600109,1
600110,1
600111,1
600112,1
600113,1
600114,1
600115,1
600116,1
600117,1
600118,1
600119,6
600120,1
600121,6
600122,1
600123,1
600125,1
600126,1
600127,1
600128,1
600129,1
600130,1
600131,1
600132,1
600133,6
600135,1
600136,1
600137,1
600138,1
600139,1
600141,1
600143,1
600145,1
600146,1
600148,1
600149,6
600150,1
600151,6
600152,1
600153,1
600155,1
600156,1
600157,1
600158,1
600159,1
600160,1
600161,1
600162,1
600163,1
600165,1
600166,1
600167,1
600168,1
600169,6
600170,1
600171,1
600172,1
600173,1
600175,1
600176,1
600177,1
600178,1
600179,1
600180,6
600182,1
600183,1
600184,6
600185,1
600186,1
600187,1
600188,1
600189,1
600190,1
600191,1
600192,6
600193,1
600195,1
600196,1
600197,1
600198,1
600199,1
600200,1
600201,1
600202,1
600203,1
600206,1
600207,1
600208,1
600209,1
600210,1
600211,1
600212,1
600213,1
600215,1
600216,1
600217,1
600218,1
600219,1
600220,1
600221,1
600222,1
600223,1
600225,1
600226,1
600227,1
600228,1
600229,1
600230,1
600231,6
600232,1
600233,1
600234,1
600235,1
600236,1
600237,1
600238,1
600239,1
600240,1
600241,1
600242,1
600243,1
600246,1
600247,1
600248,1
600249,1
600250,1
600251,1
600252,1
600253,1
600255,1
600256,1
600257,1
600258,1
600259,1
600260,1
600261,1
600262,1
600263,1
600265,1
600266,1
600267,1
600268,1
600269,1
600270,1
600271,1
600272,1
600273,1
600275,1
600276,1
600277,1
600278,1
600279,1
600280,1
600281,1
600282,1
600283,1
600284,1
600285,1
600287,1
600288,1
600289,1
600290,1
600291,1
600292,1
600293,1
600295,1
600297,1
600298,1
600299,1
600300,1
600301,1
600302,1
600303,1
600305,1
600306,1
600307,1
600308,1
600309,1
600310,1
600311,1
600312,1
600315,1
600316,1
600317,1
600318,1
600319,1
600320,1
600321,1
600322,1
600323,1
600325,1
600326,1
600327,1
600328,1
600329,1
600330,1
600331,1
600332,1
600333,1
600335,1
600336,1
600337,1
600338,1
600339,1
600340,1
600343,1
600345,1
600346,1
600348,1
600350,1
600351,6
600352,1
600353,1
600354,1
600355,1
600356,1
600358,1
600359,1
600360,1
600361,1
600362,1
600363,1
600365,1
600366,1
600367,1
600368,1
600369,1
600370,1
600371,1
600372,1
600373,1
600375,1
600376,1
600377,1
600378,1
600379,1
600380,1
600381,1
600382,1
600383,1
600385,1
600386,1
600387,1
600388,1
600389,1
600390,1
600391,1
600392,1
600393,1
600395,1
600396,1
600397,1
600398,1
600399,1
600400,1
600403,1
600405,1
600406,1
600408,1
600409,1
600410,1
600415,1
600416,1
600418,1
600419,6
600420,1
600421,1
600422,1
600423,1
600425,1
600426,1
600428,1
600429,1
600432,1
600433,6
600435,1
600436,1
600438,1
600439,1
600444,1
600446,1
600448,1
600449,1
600452,1
600456,1
600458,1
600459,6
600460,1
600461,1
600462,1
600463,1
600466,1
600467,1
600468,1
600469,1
600470,1
600475,1
600476,1
600477,1
600478,6
600479,1
600480,1
600481,6
600482,1
600483,1
600485,1
600486,1
600487,1
600488,6
600489,1
600490,1
600491,1
600493,1
600495,1
600496,1
600497,1
600498,1
600499,1
600500,1
600501,1
600502,1
600503,1
600505,1
600506,1
600507,1
600508,1
600509,1
600510,1
600511,1
600512,1
600513,1
600515,6
600516,1
600517,6
600518,1
600519,1
600520,1
600521,1
600522,1
600523,1
600525,1
600526,1
600527,1
600528,1
600529,1
600530,1
600531,1
600532,1
600533,1
600535,1
600536,1
600537,1
600538,1
600539,1
600540,1
600543,1
600545,1
600546,1
600547,1
600548,1
600549,1
600550,1
600551,1
600552,1
600555,1
600557,1
600558,1
600559,1
600560,1
600561,1
600562,1
600563,1
600565,1
600566,1
600567,1
600568,1
600569,1
600570,1
600571,1
600572,1
600573,1
600575,1
600576,1
600577,1
600578,1
600579,6
600580,1
600581,1
600582,1
600583,1
600584,1
600585,1
600586,1
600587,1
600588,1
600589,1
600590,6
600592,1
600593,1
600594,1
600595,1
600596,1
600597,1
600598,1
600599,1
600600,1
600601,1
600602,1
600603,1
600604,1
600605,1
600606,1
600608,1
600609,1
600610,1
600611,1
600612,1
600613,1
600614,1
600615,1
600616,1
600617,1
600618,1
600619,1
600620,1
600621,1
600622,1
600623,1
600624,1
600626,1
600628,1
600629,1
600630,1
600631,6
600635,1
600636,1
600637,6
600638,1
600639,1
600640,1
600641,1
600642,1
600643,1
600644,6
600645,1
600647,1
600648,1
600649,1
600650,1
600651,1
600652,1
600653,1
600654,1
600655,1
600656,1
600657,1
600658,1
600660,1
600661,1
600662,1
600663,1
600664,1
600665,1
600666,1
600667,1
600668,1
600671,1
600673,1
600674,1
600675,1
600676,1
600677,6
600678,1
600679,1
600680,1
600682,1
600683,1
600684,1
600685,1
600686,1
600687,6
600688,1
600689,1
600690,1
600691,1
600692,1
600693,1
600694,1
600695,1
600696,1
600697,1
600698,1
600699,6
600701,1
600702,1
600703,1
600704,1
600706,6
600707,1
600708,1
600710,1
600711,1
600712,1
600713,1
600714,1
600715,1
600716,1
600717,1
600718,1
600719,1
600720,1
600721,1
600722,1
600723,1
600724,1
600725,1
600726,1
600728,1
600729,1
600730,1
600731,1
600732,1
600733,1
600734,1
600735,6
600736,1
600737,6
600738,1
600739,1
600740,1
600741,1
600742,1
600743,1
600744,1
600745,1
600746,1
600747,1
600748,1
600749,1
600750,1
600751,1
600753,1
600754,1
600755,1
600756,1
600757,6
600758,1
600759,1
600760,6
600761,1
600763,1
600764,1
600765,1
600766,1
600767,1
600768,1
600769,1
600770,1
600771,1
600773,1
600774,1
600775,1
600776,1
600777,1
600778,1
600779,1
600780,1
600781,1
600782,1
600783,1
600784,1
600785,1
600787,1
600789,1
600790,1
600791,1
600792,6
600793,1
600794,1
600795,1
600796,1
600797,1
600798,1
600800,1
600801,1
600802,1
600803,1
600804,1
600805,1
600806,1
600807,6
600808,1
600809,1
600810,1
600811,1
600812,6
600814,1
600815,1
600816,1
600818,1
600819,1
600820,1
600821,1
600822,1
600823,1
600824,1
600825,1
600826,1
600827,6
600828,1
600829,1
600830,1
600831,1
600832,1
600833,1
600834,1
600835,1
600836,1
600837,1
600838,1
600839,1
600841,1
600843,1
600844,1
600845,1
600846,1
600847,6
600848,1
600850,1
600851,1
600853,1
600854,1
600855,1
600856,1
600857,1
600858,1
600859,1
600860,1
600861,1
600862,1
600863,1
600864,1
600865,1
600866,1
600867,1
600868,1
600869,1
600870,1
600871,1
600872,1
600873,1
600874,1
600875,1
600876,1
600877,1
600879,1
600880,1
600881,1
600882,1
600883,1
600884,1
600885,6
600886,1
600887,1
600888,1
600889,1
600890,1
600891,6
600892,1
600893,1
600894,1
600895,1
600896,1
600897,1
600900,1
600960,1
600961,1
600962,1
600963,1
600965,1
600966,1
600967,1
600969,1
600970,1
600971,1
600973,1
600975,1
600976,1
600978,1
600979,6
600980,1
600981,1
600982,1
600983,1
600984,1
600985,6
600986,1
600987,1
600988,1
600990,1
600991,1
600992,1
600993,1
600995,1
600997,1
600998,1
600999,1
601000,1
601001,1
601002,1
601003,1
601005,6
601006,1
601007,1
601008,1
601009,1
601010,1
601011,1
601018,1
601058,1
601088,1
601098,1
601099,1
601101,1
601106,1
601107,1
601111,1
601113,1
601116,1
601117,1
601118,1
601126,1
601137,1
601139,1
601158,1
601166,1
601168,1
601169,1
601177,6
601179,1
601186,1
601188,1
601199,1
601208,1
601216,1
601218,1
601233,1
601258,1
601268,1
601288,1
601299,1
601311,1
601318,1
601328,1
601333,1
601369,1
601377,1
601390,1
601398,1
601518,1
601519,1
601558,1
601566,1
601567,1
601588,1
601599,1
601600,1
601601,1
601607,1
601616,1
601618,1
601628,1
601666,1
601668,1
601678,1
601688,1
601699,1
601700,1
601717,1
601718,1
601727,1
601766,1
601777,1
601788,1
601798,1
601799,1
601801,1
601808,1
601818,1
601857,1
601866,1
601872,6
601877,1
601880,1
601888,1
601890,1
601898,1
601899,1
601918,1
601919,1
601933,1
601939,1
601958,1
601988,1
601989,1
601991,1
601992,1
601998,1
601999,1
738027,6
738155,6
738197,6
738277,6
738490,6
738510,6
738522,6
738558,6
738580,6
738674,6
738765,6
738879,6
738893,6
738894,6
751001,6
751002,6
751003,6
751004,6
751005,6
751006,6
751007,6
751008,6
751009,6
751010,6
751011,6
751012,6
751014,6
751015,6
751016,6
751017,6
751018,6
751019,6
751020,6
751021,6
751022,6
751023,6
751024,6
751025,6
751026,6
751029,6
751031,6
751032,6
751034,6
751035,6
751036,6
751037,6
751039,6
751040,6
751041,6
751043,6
751044,6
751046,6
751047,6
751048,6
751052,6
751053,6
751054,6
751057,6
751058,6
751059,6
751060,6
751061,6
751062,6
751063,6
751065,6
751066,6
751068,6
751069,6
751072,6
751074,6
751075,6
751076,6
751077,6
751078,6
751079,6
751080,6
751081,6
751082,6
751083,6
751086,6
751088,6
751090,6
751092,6
751093,6
751095,6
751096,6
751097,6
751098,6
751099,6
751100,6
751102,6
751103,6
751104,6
751106,6
751107,6
751109,6
751110,6
751112,6
751114,6
751115,6
751970,6
751971,6
751972,6
751973,6
751974,6
751975,6
751976,6
751977,6
751978,6
751979,6
751980,6
751981,6
751982,6
751983,6
751984,6
751985,6
751986,6
751987,6
751988,6
751989,6
751990,6
751991,6
751992,6
751993,6
751994,6
751995,6
751996,6
751997,6
751998,6
751999,6
760998,6
788126,6
788299,6
788567,6
788766,6
799981,6
799982,6
799983,6
799984,6
799988,6
799990,6
799996,6
799998,6
799999,6
888001,6
888002,6
888013,6
888016,6
888019,6
888020,6
888021,6
888027,6
888031,6
888032,6
888033,6
888038,6
888039,6
888042,6
888048,6
888051,6
888055,6
888056,6
888058,6
888060,6
888062,6
888063,6
888064,6
888066,6
888067,6
888069,6
888070,6
888071,6
888072,6
888074,6
888075,6
888077,6
888078,6
888081,6
888082,6
888085,6
888086,6
888088,6
888089,6
888090,6
888097,6
888098,6
888099,6
888100,6
888101,6
888106,6
888107,6
888108,6
888109,6
888110,6
888111,6
888880,6
900901,1
900902,1
900903,1
900904,1
900905,1
900906,1
900907,1
900908,1
900909,1
900910,1
900911,1
900912,1
900913,1
900914,1
900915,1
900916,1
900917,1
900918,1
900919,1
900920,1
900921,1
900922,1
900923,6
900924,1
900925,1
900926,1
900927,1
900928,1
900929,1
900930,1
900932,1
900933,1
900934,1
900935,1
900936,1
900937,1
900938,1
900939,1
900941,1
900942,1
900943,1
900945,1
900946,1
900947,1
900948,1
900949,1
900950,1
900951,1
900952,1
900953,1
900955,1
900956,1
900957,1
939988,6
999997,6
999998,6
999999,6
000014,2
000024,2
000088,2
000089,2
000150,2
000151,2
000153,2
000155,2
000157,2
000158,2
000159,2
000301,2
000338,2
000400,2
000401,2
000402,2
000404,2
000407,2
000408,2
000409,2
000410,2
000411,2
000413,2
000415,2
000416,2
000417,2
000418,2
000419,2
000420,2
000421,2
000422,2
000423,2
000425,2
000426,2
000428,2
000429,2
000430,2
000488,2
000501,2
000502,2
000503,2
000504,6
000505,2
000506,2
000507,2
000509,2
000510,2
000511,2
000513,2
000514,2
000516,2
000517,2
000518,2
000519,2
000520,2
000521,2
000522,2
000523,2
000524,6
000525,2
000526,2
000527,2
000528,2
000529,2
000530,2
000531,2
000532,2
000533,2
000534,2
000536,2
000537,2
000538,2
000539,6
000540,2
000541,2
000543,6
000544,2
000545,2
000546,2
000547,2
000548,2
000550,2
000551,2
000552,6
000553,2
000554,2
000555,2
000557,6
000558,2
000559,2
000560,2
000561,2
000562,2
000563,2
000564,2
000565,2
000566,2
000567,2
000568,2
000570,2
000571,2
000572,2
000573,2
000576,2
000581,2
000582,2
000584,2
000585,2
000586,2
000587,2
000589,2
000590,2
000591,6
000592,2
000593,2
000594,2
000595,2
000596,2
000597,2
000598,2
000599,2
000600,2
000601,2
000602,2
000603,2
000605,2
000606,2
000607,2
000608,6
000609,2
000610,2
000611,6
000612,2
000613,2
000615,2
000616,2
000617,2
000619,2
000620,2
000623,2
000625,6
000626,2
000627,2
000628,6
000629,2
000630,2
000631,2
000632,6
000633,2
000635,2
000636,2
000637,2
000638,6
000639,2
000650,2
000651,2
000652,2
000655,2
000656,2
000659,2
000661,2
000662,6
000663,2
000665,2
000666,2
000667,2
000668,2
000669,2
000671,2
000673,2
000676,2
000677,6
000678,6
000679,2
000680,2
000682,2
000683,2
000685,2
000686,2
000687,2
000690,2
000691,2
000692,2
000695,6
000697,2
000698,2
000700,2
000701,2
000702,2
000703,2
000705,2
000707,2
000708,2
000709,2
000710,2
000711,2
000712,6
000713,2
000715,2
000716,6
000717,2
000718,2
000720,2
000721,2
000723,6
000725,2
000726,6
000727,2
000728,2
000729,2
000731,2
000732,2
000733,2
000735,2
000736,2
000737,2
000738,2
000739,2
000748,2
000750,2
000751,2
000752,2
000753,2
000755,2
000756,2
000758,2
000759,6
000760,6
000761,2
000762,2
000766,2
000767,6
000768,2
000776,2
000777,2
000778,2
000779,2
000780,2
000782,2
000783,2
000785,6
000786,2
000788,2
000789,2
000790,2
000791,6
000792,2
000793,2
000795,6
000796,2
000797,2
000798,2
000799,2
000800,2
000801,2
000802,6
000803,6
000806,2
000807,2
000809,2
000810,6
000811,2
000812,2
000813,2
000815,2
000816,2
000818,6
000819,2
000821,2
000822,2
000823,6
000825,2
000826,2
000828,2
000829,2
000830,2
000833,2
000835,2
000836,2
000837,2
000838,2
000839,2
000848,2
000850,2
000851,2
000852,2
000856,2
000858,2
000859,2
000860,2
000861,6
000862,6
000868,2
000869,2
000875,2
000876,2
000877,2
000878,2
000880,2
000881,2
000882,2
000883,2
000885,2
000886,2
000887,2
000888,2
000889,2
000890,6
000892,2
000893,2
000895,2
000897,2
000898,2
000899,2
000900,2
000975,2
000976,2
000979,1
000985,1
000987,1
000988,1
000989,1
000990,1
000993,1
000995,1
000996,1
000997,2
000998,2
001696,2
001896,2
002001,2
002002,6
002003,2
002004,2
002005,2
002006,2
002007,2
002008,2
002009,2
002010,2
002011,2
002012,2
002013,2
002014,2
002015,2
002016,2
002017,2
002018,2
002019,2
002020,2
002021,2
002022,2
002023,2
002024,2
002025,2
002026,2
002027,2
002028,2
002029,2
002030,2
002031,2
002032,2
002033,2
002034,2
002035,2
002036,2
002037,2
002038,2
002039,2
002040,2
002041,2
002042,2
002043,2
002044,2
002045,2
002046,2
002047,2
002048,2
002049,2
002050,2
002051,2
002052,2
002053,2
002054,2
002055,2
002056,2
002057,2
002058,2
002059,2
002060,6
002061,2
002062,2
002063,2
002064,2
002065,2
002066,2
002067,2
002068,2
002069,2
002070,2
002071,2
002072,2
002073,2
002074,2
002075,2
002076,2
002077,6
002078,2
002079,2
002080,6
002081,2
002082,2
002083,2
002084,2
002085,2
002086,2
002087,2
002088,2
002089,2
002090,2
002091,2
002092,2
002093,2
002094,2
002095,2
002096,6
002097,2
002098,2
002099,2
002100,2
002101,6
002102,2
002103,2
002104,2
002105,2
002106,2
002107,2
002108,2
002109,2
002110,2
002111,2
002112,2
002113,2
002114,2
002115,2
002116,2
002117,6
002118,6
002119,2
002120,2
002121,2
002122,2
002123,2
002124,2
002125,2
002126,2
002127,2
002128,2
002129,2
002130,2
002131,6
002132,2
002133,2
002134,6
002135,2
002136,2
002137,2
002138,2
002139,2
002140,2
002141,2
002142,2
002143,2
002144,2
002145,6
002146,2
002147,2
002148,2
002149,6
002150,2
002151,2
002152,2
002153,2
002154,2
002155,2
002156,2
002157,2
002158,2
002159,2
002160,2
002161,2
002162,2
002163,2
002164,6
002165,2
002166,2
002167,2
002168,2
002169,2
002170,2
002171,2
002172,2
002173,2
002174,2
002175,2
002176,2
002177,2
002178,2
002179,2
002180,2
002181,6
002182,2
002183,2
002184,2
002185,2
002186,2
002187,2
002188,6
002189,2
002190,2
002191,6
002192,2
002193,6
002194,2
002195,2
002196,2
002197,6
002198,2
002199,2
002200,2
002201,2
002202,2
002203,2
002204,6
002205,2
002206,2
002207,2
002208,2
002209,2
002210,2
002211,2
002212,2
002213,2
002214,2
002215,2
002216,6
002217,2
002218,2
002219,2
002220,2
002221,2
002222,2
002223,2
002224,2
002225,6
002226,2
002227,2
002228,2
002229,2
002230,2
002231,2
002232,2
002233,2
002234,2
002235,2
002236,2
002237,2
002238,2
002239,2
002240,2
002241,2
002242,2
002243,2
002244,2
002245,2
002246,2
002247,2
002248,2
002249,2
002250,6
002251,2
002252,2
002253,2
002254,2
002255,2
002256,2
002258,2
002259,2
002260,2
002261,2
002262,2
002263,2
002264,2
002265,2
002266,2
002267,6
002268,2
002269,6
002270,2
002271,2
002272,2
002273,2
002274,2
002275,2
002276,2
002277,2
002278,2
002279,2
002280,2
002281,2
002282,2
002283,2
002284,2
002285,2
002286,2
002287,2
002288,2
002289,2
002290,2
002291,2
002292,2
002293,2
002294,2
002295,2
002296,6
002297,2
002298,2
002299,2
002300,2
002301,2
002302,2
002303,2
002304,2
002305,2
002306,2
002307,2
002308,2
002309,2
002310,2
002311,2
002312,2
002313,2
002314,2
002315,2
002316,2
002317,2
002318,2
002319,2
002320,2
002321,2
002322,2
002323,2
002324,2
002325,2
002326,2
002327,2
002328,2
002329,2
002330,2
002331,2
002332,2
002333,2
002334,2
002335,2
002336,2
002337,2
002338,2
002339,2
002340,2
002341,6
002342,2
002343,2
002344,2
002345,2
002346,2
002347,2
002348,2
002349,2
002350,2
002351,2
002352,2
002353,2
002354,2
002355,2
002356,6
002357,2
002358,2
002359,2
002360,2
002361,2
002362,2
002363,2
002364,2
002365,2
002366,2
002367,2
002368,2
002369,2
002370,2
002371,6
002372,2
002373,2
002374,2
002375,2
002376,2
002377,2
002378,2
002379,2
002380,2
002381,2
002382,6
002383,2
002384,2
002385,2
002386,2
002387,2
002388,2
002389,2
002390,2
002391,2
002392,2
002393,2
002394,2
002395,2
002396,2
002397,2
002398,2
002399,2
002400,2
002401,2
002402,2
002403,2
002404,2
002405,2
002406,2
002407,2
002408,2
002409,2
002410,2
002411,2
002412,2
002413,2
002414,2
002415,2
002416,2
002417,2
002418,2
002419,2
002420,2
002421,2
002422,2
002423,2
002424,2
002425,2
002426,2
002427,2
002428,2
002429,6
002430,2
002431,6
002432,2
002433,2
002434,2
002435,2
002436,2
002437,2
002438,2
002439,2
002440,2
002441,2
002442,2
002443,2
002444,2
002445,2
002446,2
002447,2
002448,2
002449,2
002450,2
002451,2
002452,6
002453,2
002454,6
002455,6
002456,2
002457,2
002458,2
002459,2
002460,2
002461,2
002462,2
002463,2
002464,6
002465,6
002466,2
002467,2
002468,2
002469,6
002470,2
002471,2
002472,2
002473,2
002474,2
002475,6
002476,2
002477,2
002478,2
002479,2
002480,2
002481,2
002482,2
002483,2
002484,2
002485,2
002486,2
002487,2
002488,2
002489,2
002490,2
002491,2
002492,2
002493,2
002494,2
002495,2
002496,2
002497,2
002498,6
002499,2
002500,2
002501,2
002502,2
002503,2
002504,2
002505,2
002506,2
002507,2
002508,2
002509,2
002510,2
002511,2
002512,2
002513,2
002514,2
002515,2
002516,2
002517,2
002518,2
002519,2
002520,2
002521,2
002522,2
002523,2
002524,6
002526,2
002527,2
002528,2
002529,2
002530,2
002531,2
002532,2
002533,2
002534,2
002535,2
002536,2
002537,2
002538,2
002539,2
002540,2
002541,2
002542,2
002543,2
002544,2
002545,2
002546,2
002547,2
002548,2
002549,2
002550,2
002551,2
002552,2
002553,2
002554,2
002555,6
002556,2
002557,2
002558,2
002559,2
002560,2
002561,2
002562,2
002563,2
002564,2
002565,2
002566,2
002567,2
002568,2
002569,2
002570,2
002571,2
002572,2
002573,2
002574,2
002575,6
002576,2
002577,2
002578,2
002579,2
002580,2
002581,2
002582,2
002583,2
002584,2
002585,2
002586,2
002587,2
002588,6
002589,2
002590,2
002591,2
002593,2
002594,2
002595,2
002596,2
002597,2
002598,2
100203,6
100213,2
100303,2
100308,6
100407,6
100410,2
100501,6
100504,6
100505,6
100509,6
100512,6
100513,6
100601,6
100603,6
100606,6
100609,6
100612,6
100613,6
100616,6
100618,6
100619,6
100620,6
100701,6
100703,6
100705,6
100706,6
100707,6
100710,6
100713,6
100714,6
100717,6
100718,6
100801,6
100802,6
100803,6
100805,6
100806,6
100807,6
100810,6
100811,6
100813,6
100814,6
100817,6
100818,6
100819,6
100820,6
100822,6
100823,6
100825,6
100826,6
100901,6
100902,6
100903,6
100904,6
100905,6
100906,6
100907,6
100909,6
100910,6
100911,6
100912,6
100913,6
100915,6
100916,6
100917,6
100918,6
100919,6
100920,6
100922,6
100923,6
100924,6
100925,6
100926,6
100927,6
100929,6
100930,6
100931,6
100932,6
101001,6
101002,6
101003,6
101005,6
101006,6
101007,6
101008,6
101009,6
101010,6
101012,6
101013,6
101014,6
101015,6
101016,6
101017,6
101018,6
101019,6
101020,6
101021,6
101022,6
101023,6
101024,6
101025,6
101026,6
101027,6
101028,6
101029,6
101030,6
101031,6
101032,6
101033,6
101034,6
101035,6
101036,6
101037,6
101038,6
101039,6
101040,6
101041,6
101101,6
101102,6
101103,6
101104,6
101105,6
101106,6
101107,6
101108,6
101109,6
101110,6
101111,6
101112,6
101113,6
101114,6
101115,6
101116,6
101912,6
101917,6
108044,6
108046,6
108047,6
109001,6
109002,6
109003,6
109004,6
109005,6
109006,6
109007,6
109008,6
109009,6
109010,6
109011,6
109012,6
109013,6
109014,6
109015,6
109016,6
109017,6
109018,6
109019,6
109020,6
109021,6
109022,6
109023,6
109024,6
109025,6
109026,6
109027,6
109028,6
109029,6
109030,6
109031,6
109032,6
109033,6
109034,6
109035,6
109036,6
109037,6
109038,6
109039,6
109040,6
109041,6
109042,6
109043,6
109044,6
109045,6
109046,6
109047,6
109048,6
109049,6
109050,6
109051,6
109052,6
109053,6
109054,6
109055,6
109056,6
109057,6
109058,6
109059,6
109060,6
111015,2
111018,2
111019,6
111020,6
111021,6
111022,6
111023,6
111024,6
111025,6
111026,6
111027,6
111028,6
111029,6
111030,6
111031,6
111032,6
111033,6
111034,6
111035,6
111037,6
111038,6
111039,2
111040,6
111041,2
111042,6
111044,6
111045,6
111046,2
111047,2
111048,2
111049,6
111050,6
111051,2
111052,2
111053,6
111054,2
111055,2
111056,6
111057,6
111058,2
111059,2
111060,2
111061,6
111062,2
111063,2
111064,2
112001,6
112002,6
112003,6
112004,6
112005,6
112006,2
112007,6
112008,6
112009,6
112010,6
112011,6
112012,2
112013,6
112014,2
112015,2
112016,2
112017,6
112018,6
112019,6
112020,6
112021,6
112022,6
112023,6
112024,6
112025,6
112026,6
112027,6
112028,6
115001,6
115002,2
115003,6
119016,6
125709,2
125731,2
125887,2
126729,2
131800,6
131801,6
131802,6
131803,6
131805,6
131806,6
131809,6
131810,6
131811,6
131900,2
131901,2
131910,2
131911,2
150001,2
150002,2
150003,2
150006,2
150007,2
150008,2
150009,2
150010,2
150011,2
150012,2
150013,2
150016,2
150017,2
150018,2
150019,2
150020,2
150021,2
150022,2
150023,2
150025,2
150026,2
150027,2
150028,2
150029,2
150030,2
150031,2
150032,6
150033,2
150034,2
150035,2
150036,2
150037,2
150041,2
159901,2
159902,2
159903,2
159905,2
159906,2
159910,2
160105,2
160106,2
160119,2
160211,2
160215,6
160311,2
160314,2
160505,2
160512,2
160603,6
160605,6
160607,2
160610,2
160611,2
160613,2
160615,2
160616,2
160617,2
160706,2
160716,2
160717,2
160718,6
160719,6
160805,6
160807,6
160910,2
161005,2
161010,2
161115,2
161207,6
161210,6
161211,2
161213,2
161216,2
161217,2
161607,2
161610,2
161706,2
161713,2
161714,2
161810,2
161811,2
161812,6
161813,2
161815,6
161816,6
161903,2
161907,2
162006,2
162207,2
162307,6
162509,6
162605,2
162607,2
162703,2
162711,2
162712,6
163001,6
163109,6
163302,2
163402,2
163406,6
163407,6
163409,2
163503,2
163801,2
163803,6
163804,6
163805,6
163806,6
163807,6
163808,6
163809,6
163810,6
164105,2
164205,6
164808,2
164902,2
165309,2
165310,6
165508,6
165509,2
165510,6
165511,6
165512,2
166001,2
166002,6
166003,6
166004,6
166005,6
166006,2
166007,6
166008,2
166009,6
184688,2
184689,2
184690,2
184691,2
184692,2
184693,2
184698,2
184699,2
184701,2
184721,2
184722,2
184728,2
200002,2
200011,2
200012,2
200016,2
200017,2
200018,6
200019,2
200020,2
200022,2
200024,2
200025,2
200026,2
200028,2
200029,2
200030,2
200037,2
200039,2
200045,2
200053,2
200054,6
200055,2
200056,2
200058,6
200152,2
200160,2
200168,2
200413,2
200418,2
200429,2
200468,2
200488,2
200505,2
200512,2
200513,2
200521,2
200530,2
200539,6
200541,2
200550,2
200553,2
200570,2
200581,2
200596,2
200613,2
200625,6
200706,2
200725,2
200726,6
200761,2
200771,2
200869,2
200986,2
200992,2
300001,2
300002,2
300003,2
300004,2
300005,2
300006,2
300007,2
300008,2
300009,2
300010,2
300011,2
300012,2
300013,2
300014,2
300015,2
300016,2
300017,2
300018,2
300019,2
300020,2
300021,2
300022,2
300023,2
300024,2
300025,2
300026,2
300027,2
300028,6
300029,2
300030,2
300031,2
300032,2
300033,2
300034,2
300035,2
300036,2
300037,2
300038,2
300039,2
300040,2
300041,2
300042,2
300043,2
300044,2
300045,2
300046,2
300047,2
300048,2
300049,2
300050,2
300051,2
300052,2
300053,6
300054,2
300055,2
300056,2
300057,2
300058,2
300059,2
300061,2
300062,2
300063,2
300064,2
300065,2
300066,2
300067,2
300068,2
300069,2
300070,2
300071,2
300072,2
300073,2
300074,2
300075,2
300076,2
300077,2
300078,2
300079,2
300080,2
300081,2
300082,2
300083,2
300084,2
300085,2
300086,2
300087,2
300088,2
300089,2
300090,2
300091,2
300092,2
300093,2
300094,2
300095,2
300096,2
300097,2
300098,6
300099,2
300100,2
300101,2
300102,2
300103,2
300104,2
300105,2
300106,2
300107,2
300108,2
300109,2
300110,2
300111,2
300112,2
300113,2
300114,2
300115,2
300116,2
300117,2
300118,2
300119,2
300120,2
300121,2
300122,2
300123,2
300124,2
300125,2
300126,2
300127,2
300128,2
300129,2
300130,2
300131,2
300132,2
300133,2
300134,2
300135,2
300136,2
300137,2
300138,2
300139,2
300140,2
300141,2
300142,2
300143,2
300144,2
300145,2
300146,2
300147,2
300148,2
300149,2
300150,2
300151,2
300152,6
300153,2
300154,2
300155,2
300156,6
300157,6
300158,2
300159,2
300160,2
300161,2
300162,6
300163,2
300164,2
300165,2
300166,2
300167,2
300168,2
300169,2
300170,2
300171,2
300172,2
300173,2
300174,2
300175,2
300176,2
300177,6
300178,2
300179,2
300180,2
300181,2
300182,2
300183,2
300184,2
300185,2
300186,2
300187,2
300188,2
300189,2
300190,2
300191,2
300192,2
300193,2
300194,6
300195,2
300196,2
300197,2
300198,2
300199,2
300200,2
300201,2
300202,2
300203,2
300204,2
300205,2
300206,2
300207,2
300208,2
300209,2
300210,2
300211,6
300212,2
300213,2
300214,2
300215,2
300216,2
300217,2
300218,2
300219,2
300220,2
300221,2
300222,2
300223,2
300224,2
300225,2
300226,2
300227,2
300228,2
300229,2
300230,2
300231,2
300232,2
300233,2
300234,2
300235,2
300236,2
300237,2
300238,2
300239,2
300240,2
362069,6
362147,6
362175,6
362289,6
365177,6
369999,6
395001,2
395002,2
395003,2
395004,2
395011,2
395012,2
395013,2
395021,2
395022,2
395023,2
395031,2
395032,6
395041,6
395099,2
399001,2
399002,2
399003,2
399004,2
399005,2
399006,2
399007,2
399008,2
399100,2
399101,2
399102,2
399106,2
399107,2
399108,2
399110,2
399120,2
399130,2
399131,2
399132,2
399133,2
399134,2
399135,2
399136,2
399137,2
399138,2
399139,2
399140,2
399150,2
399160,2
399170,2
399180,2
399190,2
399200,2
399210,2
399220,2
399230,2
399300,2
399305,2
399310,2
399311,2
399312,2
399313,2
399314,2
399315,2
399316,2
399317,2
399318,2
399319,2
399320,2
399321,2
399322,2
399323,2
399324,2
399325,2
399326,2
399327,2
399328,2
399330,2
399331,2
399332,2
399333,2
399334,2
399335,2
399336,2
399337,2
399338,2
399339,2
399340,2
399341,2
399344,2
399345,2
399346,2
399347,2
399348,2
399351,2
399352,2
399353,2
399355,2
399356,2
399357,2
399358,2
399359,2
399360,2
399361,2
399362,2
399363,2
399364,2
399365,2
399366,2
399367,2
399368,2
399369,2
399370,2
399371,2
399372,2
399373,2
399374,2
399375,2
399376,2
399377,2
399378,2
399481,2
399601,2
399602,2
399603,2
399604,2
399605,2
399606,2
399607,2
399608,2
399609,2
399610,2
399611,2
399612,2
399613,2
399614,2
399615,2
399616,2
399617,2
399618,2
399619,2
399620,2
399621,2
399622,2
399701,2
399702,2
399703,2
399901,2
399902,2
399903,2
399904,2
399905,2
399906,2
399907,2
399908,2
399909,2
399910,2
399911,2
399912,2
399913,2
399914,2
399915,2
399916,2
399917,2
399918,2
399919,2
399920,2
399921,2
399922,2
399923,2
399924,2
399925,2
399926,2
399927,2
399928,2
399929,2
399930,2
399931,2
399932,2
399933,2
399934,2
399935,2
399936,2
399937,2
399938,2
399939,2
399940,2
399941,2
399942,2
399943,2
399944,2
399945,2
399946,2
399947,2
399948,2
399949,2
399950,2
399951,2
399952,2
399953,2
399954,2
399955,2
399956,2
399957,2
399958,2
399960,2
399961,2
399962,2
399963,2
399964,2
399968,2
399969,2
399977,2
399978,2
399980,2
399981,2
399982,2
400001,6
400002,6
400005,6
400006,6
400007,6
400008,6
400009,6
400010,6
400011,6
400012,6
400013,6
400016,6
400017,6
400018,6
400019,6
400020,6
400021,6
400022,6
400023,6
400025,6
400026,6
400027,6
400028,6
400029,6
400030,6
400031,6
400032,6
400033,6
400035,6
400036,6
400037,6
400038,6
400039,6
400040,6
400041,6
400042,6
400043,6
400044,6
400045,6
400046,6
400048,6
400049,6
400050,6
400051,6
400052,6
400053,6
400054,6
400055,6
400056,6
400057,6
420008,6
420011,6
420016,6
420032,6
420047,6
420058,6
430002,6
430003,6
430004,6
430005,6
430008,6
430009,6
430010,6
430011,6
430012,6
430013,6
430014,6
430015,6
430016,6
430017,6
430018,6
430019,6
430020,6
430021,6
430022,6
430024,6
430025,6
430026,6
430027,6
430028,6
430029,6
430030,6
430031,6
430032,6
430033,6
430034,6
430035,6
430036,6
430037,6
430038,6
430039,6
430040,6
430041,6
430042,6
430043,6
430044,6
430045,6
430046,6
430047,6
430048,6
430049,6
430050,6
430051,6
430052,6
430053,6
430054,6
430055,6
430056,6
430057,6
430058,6
430059,6
430060,6
430061,6
430062,6
430063,6
430064,6
430065,6
430066,6
430067,6
430068,6
430069,6
430070,6
430071,6
430072,6
430073,6
430074,6
430075,6
430076,6
430077,6
430078,6
430079,6
430080,6
430081,6
430082,6
430083,6
430084,6
430085,6
430086,6
430087,6
430088,6
430089,6
430090,6
430091,6
430092,6
430093,6
019117,6
020048,6
091017,6
104077,6
104079,6
104801,6
107048,6
122077,6
122079,6
122801,6
122808,6
700522,6
730522,6
738060,6
738221,6
738257,6
738468,6
738525,6
738527,6
738535,6
738577,6
738870,6
740522,6
741522,6
751091,6
751941,6
888018,6
888112,6
938945,6
002599,2
002600,2
002601,2
038016,6
070089,6
080089,6
101117,6
108048,6
159908,2
300241,2
300242,2
300243,2
360739,6
362087,6
362160,6
362226,6
362305,6
000984,1
000986,1
000991,1
000992,1
000994,1
019118,6
091018,6
104078,6
104083,6
104813,6
106060,6
106061,6
122078,6
122083,6
122813,6
130060,6
130061,6
522099,6
522676,6
523099,6
523676,6
738157,6
738425,6
738432,6
738488,6
738515,6
738863,6
788010,6
888113,6
888115,6
101118,6
101699,6
109061,6
109062,6
161116,6
300244,2
300245,2
300246,2
360721,6
360802,6
362338,6
365017,6
000115,1
104081,6
104082,6
122081,6
122082,6
122804,6
122806,6
190013,6
510283,6
510284,6
600898,1
738036,6
738206,6
738478,6
738698,6
788558,6
788933,6
938946,6
002602,6
002603,2
002604,2
002607,2
112029,6
159911,6
160123,2
162308,6
164606,6
164701,6
300247,2
300248,2
360733,6
362253,6
362551,6
399623,2
430094,6
000114,1
020049,6
100951,6
104084,6
104085,6
104086,6
104087,6
104789,6
104790,6
104796,6
104797,6
104799,6
106062,6
106063,6
107049,6
110017,1
122084,6
122085,6
122086,6
122087,6
122789,6
122790,6
122796,6
122797,6
122799,6
130062,6
130063,6
510270,1
510271,6
510272,6
600727,1
601222,1
601636,1
601789,1
601886,1
601901,6
704795,6
733795,6
738017,6
738255,6
738318,6
738328,6
738365,6
738373,6
738396,6
738435,6
738481,6
738482,6
738590,6
738595,6
738660,6
738787,6
738855,6
738882,6
743795,6
744795,6
751906,6
751936,6
888116,6
888118,6
002605,2
002606,2
002608,2
002609,2
002610,2
002612,2
108049,6
109063,6
109064,6
112030,6
112031,6
125089,2
129031,2
159907,2
159912,6
159915,6
159916,6
160415,6
163110,6
300249,2
300250,2
300251,2
300252,2
300253,2
300254,2
300255,2
300256,2
300257,2
360066,6
399624,2
399625,2
399626,2
399627,2
399984,2
399985,2
430095,6
000117,1
000118,1
000119,1
000120,1
000121,1
000122,1
000817,1
019119,6
019120,6
019121,6
020050,6
091019,6
091020,6
091021,6
104089,6
104090,6
104091,6
104092,6
104093,6
104094,6
104095,6
104098,6
104788,6
104792,6
104793,6
104838,6
104856,6
106064,6
106065,6
107050,6
110018,1
121021,6
121022,6
121023,6
121024,6
121025,6
122088,1
122089,1
122090,6
122091,6
122092,1
122093,1
122094,6
122095,6
122098,6
122788,6
122792,6
122793,6
122795,6
122800,6
122838,6
122856,1
130064,6
130065,6
190015,6
190016,6
510280,1
510281,6
510282,6
519033,6
519683,6
519706,6
519979,6
521033,6
522678,6
522704,6
523678,6
523704,6
600057,1
600094,1
600313,1
600633,1
600681,1
601633,1
601669,1
601677,1
601908,1
601996,1
738031,6
738039,6
738290,6
738323,6
738422,6
738497,6
738512,6
738571,6
738667,6
738868,6
738888,6
780100,6
788168,6
788258,6
788872,6
790100,6
791100,6
888094,6
888117,6
888119,6
888120,6
888121,6
888122,6
888123,6
888125,6
900940,1
002611,2
002613,2
002614,2
002615,2
002616,2
002617,2
002618,2
002619,2
002620,2
002621,2
002622,2
002623,2
002627,6
101119,6
101120,6
101121,6
108050,6
109065,6
109066,6
111066,6
112032,6
112033,6
112034,2
112035,2
112036,2
112037,6
112038,6
112039,2
112040,2
112041,2
150038,2
150039,2
150040,2
150042,2
150043,2
150047,2
150048,2
159909,2
161017,2
165311,2
300258,2
300259,2
300260,2
300261,2
300262,6
300263,2
300264,2
300265,2
300266,2
300267,2
300268,2
300269,2
300270,2
300272,6
360957,6
399009,2
399010,2
399011,2
399628,2
399629,2
399630,2
399631,2
399704,2
399705,2
399706,2
399959,2
399979,2
430096,6
430097,6